0.0000 -1.0000 
0.0200 -1.0000 
0.0400 -1.0000 
0.0600 -1.0000 
0.0800 -1.0000 
0.1000 -1.0000 
0.1200 -1.0000 
0.1400 -1.0000 
0.1600 -1.0000 
0.1800 -1.0000 
0.2000 -1.0000 
0.2200 -1.0000 
0.2400 -1.0000 
0.2600 -1.0000 
0.2800 -1.0000 
0.3000 -1.0000 
0.3200 -1.0000 
0.3400 -1.0000 
0.3600 -1.0000 
0.3800 -1.0000 
0.4000 -1.0000 
0.4200 -1.0000 
0.4400 -1.0000 
0.4600 -1.0000 
0.4800 -1.0000 
0.5000 -1.0000 
0.5200 -1.0000 
0.5400 -1.0000 
0.5600 -1.0000 
0.5800 -1.0000 
0.6000 -1.0000 
0.6200 -1.0000 
0.6400 -1.0000 
0.6600 -1.0000 
0.6800 -1.0000 
0.7000 -1.0000 
0.7200 -1.0000 
0.7400 -1.0000 
0.7600 -1.0000 
0.7800 -1.0000 
0.8000 -1.0000 
0.8200 -1.0000 
0.8400 -1.0000 
0.8600 -1.0000 
0.8800 -1.0000 
0.9000 -1.0000 
0.9200 -1.0000 
0.9400 -1.0000 
0.9600 -1.0000 
0.9800 -1.0000 
1.0000 -1.0000 
1.0200 -1.0000 
1.0400 -1.0000 
1.0600 -1.0000 
1.0800 -1.0000 
1.1000 -1.0000 
1.1200 -1.0000 
1.1400 -1.0000 
1.1600 -1.0000 
1.1800 -1.0000 
1.2000 -1.0000 
1.2200 -1.0000 
1.2400 -1.0000 
1.2600 -1.0000 
1.2800 -1.0000 
1.3000 -1.0000 
1.3200 -1.0000 
1.3400 -1.0000 
1.3600 -1.0000 
1.3800 -1.0000 
1.4000 -1.0000 
1.4200 -1.0000 
1.4400 -1.0000 
1.4600 -1.0000 
1.4800 -1.0000 
1.5000 -1.0000 
1.5200 -1.0000 
1.5400 -1.0000 
1.5600 -1.0000 
1.5800 -1.0000 
1.6000 -1.0000 
1.6200 -1.0000 
1.6400 -1.0000 
1.6600 -1.0000 
1.6800 -1.0000 
1.7000 -1.0000 
1.7200 -1.0000 
1.7400 -1.0000 
1.7600 -1.0000 
1.7800 -1.0000 
1.8000 -1.0000 
1.8200 -1.0000 
1.8400 -1.0000 
1.8600 -1.0000 
1.8800 -1.0000 
1.9000 -1.0000 
1.9200 -1.0000 
1.9400 -1.0000 
1.9600 -1.0000 
1.9800 -1.0000 
2.0000 -1.0000 
2.0200 -1.0000 
2.0400 -1.0000 
2.0600 -1.0000 
2.0800 -1.0000 
2.1000 -1.0000 
2.1200 -1.0000 
2.1400 -1.0000 
2.1600 -1.0000 
2.1800 -1.0000 
2.2000 -1.0000 
2.2200 -1.0000 
2.2400 -1.0000 
2.2600 -1.0000 
2.2800 -1.0000 
2.3000 -1.0000 
2.3200 -1.0000 
2.3400 -1.0000 
2.3600 -1.0000 
2.3800 -1.0000 
2.4000 -1.0000 
2.4200 -1.0000 
2.4400 -1.0000 
2.4600 -1.0000 
2.4800 -0.9886 
2.5000 -0.9710 
2.5200 -0.9533 
2.5400 -0.9357 
2.5600 -0.9180 
2.5800 -0.9003 
2.6000 -0.8827 
2.6200 -0.8650 
2.6400 -0.8473 
2.6600 -0.8297 
2.6800 -0.8120 
2.7000 -0.7944 
2.7200 -0.7767 
2.7400 -0.7590 
2.7600 -0.7414 
2.7800 -0.7237 
2.8000 -0.7061 
2.8200 -0.6884 
2.8400 -0.6707 
2.8600 -0.6531 
2.8800 -0.6354 
2.9000 -0.6177 
2.9200 -0.6001 
2.9400 -0.5824 
2.9600 -0.5648 
2.9800 -0.5471 
3.0000 -0.5294 
3.0200 -0.5118 
3.0400 -0.4941 
3.0600 -0.4765 
3.0800 -0.4588 
3.1000 -0.4411 
3.1200 -0.4235 
3.1400 -0.4058 
3.1600 -0.3881 
3.1800 -0.3705 
3.2000 -0.3528 
3.2200 -0.3352 
3.2400 -0.3175 
3.2600 -0.2998 
3.2800 -0.2822 
3.3000 -0.2645 
3.3200 -0.2469 
3.3400 -0.2292 
3.3600 -0.2115 
3.3800 -0.1939 
3.4000 -0.1762 
3.4200 -0.1585 
3.4400 -0.1409 
3.4600 -0.1232 
3.4800 -0.1056 
3.5000 -0.0879 
3.5200 -0.0702 
3.5400 -0.0526 
3.5600 -0.0349 
3.5800 -0.0172 
3.6000 0.0004 
3.6200 0.0181 
3.6400 0.0357 
3.6600 0.0534 
3.6800 0.0711 
3.7000 0.0887 
3.7200 0.1064 
3.7400 0.1240 
3.7600 0.1417 
3.7800 0.1594 
3.8000 0.1770 
3.8200 0.1947 
3.8400 0.2124 
3.8600 0.2300 
3.8800 0.2477 
3.9000 0.2653 
3.9200 0.2830 
3.9400 0.3007 
3.9600 0.3183 
3.9800 0.3360 
4.0000 0.3536 
4.0200 0.3713 
4.0400 0.3890 
4.0600 0.4066 
4.0800 0.4243 
4.1000 0.4420 
4.1200 0.4596 
4.1400 0.4773 
4.1600 0.4949 
4.1800 0.5126 
4.2000 0.5303 
4.2200 0.5479 
4.2400 0.5656 
4.2600 0.5832 
4.2800 0.6009 
4.3000 0.6186 
4.3200 0.6362 
4.3400 0.6539 
4.3600 0.6716 
4.3800 0.6892 
4.4000 0.7069 
4.4200 0.7245 
4.4400 0.7422 
4.4600 0.7599 
4.4800 0.7775 
4.5000 0.7952 
4.5200 0.8128 
4.5400 0.8305 
4.5600 0.8482 
4.5800 0.8658 
4.6000 0.8835 
4.6200 0.9012 
4.6400 0.9188 
4.6600 0.9365 
4.6800 0.9541 
4.7000 0.9718 
4.7200 0.9895 
4.7400 1.0000 
4.7600 1.0000 
4.7800 1.0000 
4.8000 1.0000 
4.8200 1.0000 
4.8400 1.0000 
4.8600 1.0000 
4.8800 1.0000 
4.9000 1.0000 
4.9200 1.0000 
4.9400 1.0000 
4.9600 1.0000 
4.9800 1.0000 
5.0000 1.0000 